0000000 -1140291053  2090497095   618132599  1589107369
0000020  1926195057  1636484916  -898402994 -1960908239
0000040   629061803  1805804928  1572660858  -702416489
0000060  1174804831   -55370681  1495692093 -2087659622
0000100 -1489306533   746405230  1187672421  1410073230
0000120  1076940833  -905388603  2091631236  -993165479
0000140  -363225393 -1989334146 -1614619072   412860983
0000160   306908337   597746816 -1016062315 -1719463870
0000200 -1091585500 -1847079957  1753528163  1508183492
0000220 -2074590018       65351
0000226
